30/10/23	BALLI 16	817	2,4	998,40
30/10/23	BELLES 15	801	6	1.284,00
30/10/23	MURITI 10	805	18,6	3.534,00
30/10/23	BALLI 16	815	2,4	998,40
30/10/23	BELLES 15	814	7,8	1.669,20
30/10/23	BELLES 15	810	9	1.926,00
30/10/23	BELLES 15	812	7,8	1.669,20
30/10/23	MURITI 10	806	9	1.710,00
30/10/23	BELLES 24	824	8	984,00
30/10/23	STILED 18	827	15	1.182,90
30/10/23	MURITI 10	813	4,8	912,00
30/10/23	STILED 13	830	17,4	2.001,00
30/10/23	BELLES 15	811	7,2	1.540,80
30/10/23	BELLES 15	807	7,6	1.626,40
30/10/23	MURITI 10	906	12,5	2.375,00
30/10/23	MURITI 10	906	12,7	2.413,00
30/10/23	1653	904	9	2.032,02
30/10/23	1653	904	9,1	2.054,60
30/10/23	TIRA CANAL	832	9,6	1.830,24
01/11/23	CÓS 16	816	3	356,55
01/11/23	TIRA CANAL	832	10,4	1.982,76
01/11/23	BELLES 15	807	9,3	1.990,20
01/11/23	STILED 13	819	12	1.380,00
01/11/23	STILED 18	827	9	709,74
01/11/23	MURITI 14	838	17,6	2.358,40
01/11/23	MURITI 14	804	8	1.072,00
01/11/23	MARCEL 30	840	10	388,00
01/11/23	MURITI 10	806	3	570,00
01/11/23	STILED 18	825	12	946,32
01/11/23	BELLES 15	814	3	642,00
01/11/23	BELLES 15	812	1,8	385,20
01/11/23	BELLES 15	810	6	1.284,00
01/11/23	STILED 13	820	9	1.035,00
01/11/23	STILED 18	821	21	1.656,06
01/11/23	BELLES 24	824	4,8	590,40
01/11/23	MURITI 14	809	19,8	2.653,20
01/11/23	BELLES 15	801	4,2	898,80
01/11/23	STILED 13	833	19,2	2.208,00
01/11/23	STILED 13	830	17,6	2.024,00
01/11/23	08 DE LYCRA	902	10	3.344,40
01/11/23	BELLES 15	802	4,2	898,80
01/11/23	NEW CONF	908	21,5	1.446,74
01/11/23	MURITI 10	906	8,3	1.577,00
01/11/23	MURITI 10	906	8,5	1.615,00
01/11/23	MURITI 10	813	4	760,00
01/11/23	MURITI 10	818	5	950,00
03/11/23	06 DE LYCRA	901	10,7	4.643,80
03/11/23	MURITI 10	805	10,2	1.938,00
03/11/23	BELLES 15	814	3	642,00
03/11/23	BELLES 15	811	10,8	2.311,20
03/11/23	MURITI 10	813	3	570,00
03/11/23	BALLI 16	815	1,2	499,20
03/11/23	TIRA CANAL	832	6,4	1.220,16
03/11/23	MARCEL 30	840	10	388,00
03/11/23	STILED 18	825	12	946,32
03/11/23	STILED 18	821	13,2	1.040,95
03/11/23	NEW CONF	908	9	605,61
03/11/23	1653	904	7,2	1.625,62
03/11/23	1653	904	7,5	1.693,35
06/11/23	BELLES 15	808	14,5	3.103,00
06/11/23	MURITI 10	906	13,2	2.508,00
06/11/23	MURITI 10	906	13,4	2.546,00
06/11/23	MURITI 10	806	21,6	4.104,00
06/11/23	MURITI 10	813	10,2	1.938,00
06/11/23	MURITI 10	805	10,2	1.938,00
06/11/23	MURITI 10	818	8	1.520,00
06/11/23	BELLES 15	811	4,2	898,80
06/11/23	BELLES 15	802	15	3.210,00
06/11/23	BELLES 15	808	8,1	1.733,40
06/11/23	BELLES 15	807	6,7	1.433,80
06/11/23	BELLES 15	808	14,5	3.103,00
06/11/23	BELLES 15	814	4,2	898,80
06/11/23	BELLES 15	812	9	1.926,00
06/11/23	BELLES 15	810	7,2	1.540,80
06/11/23	CÓS 16	816	16,2	1.925,37
06/11/23	BELLES 24	824	12	1.476,00
06/11/23	BALLI 16	817	0,6	249,60
06/11/23	MURITI 14	838	13,6	1.822,40
06/11/23	MURITI 14	809	9	1.206,00
06/11/23	MURITI 14	804	20	2.680,00
06/11/23	STILED 13	830	23,2	2.668,00
06/11/23	STILED 13	819	18,6	2.139,00
06/11/23	STILED 18	827	15	1.182,90
06/11/23	STILED 18	825	10,2	804,37
06/11/23	MURITI 10	903	8,5	1.615,00
06/11/23	MURITI 10	903	8,5	1.615,00
06/11/23	06 DE LYCRA	902	9,7	4.209,80
06/11/23	NEW CONF	909	21,6	1.453,46
07/11/23	MARCEL 30	840	11,1	430,68
07/11/23	TIRA CANAL	832	17,4	3.317,31
08/11/23	MURITI 10	805	15	2.850,00
08/11/23	BELLES 15	801	12	2.568,00
08/11/23	MURITI 10	906	9,9	1.881,00
08/11/23	MURITI 10	906	9,9	1.881,00
08/11/23	STILED 13	833	20	2.300,00
08/11/23	MURITI 14	809	17,8	2.385,20
08/11/23	BELLES 15	811	8	1.712,00
08/11/23	MURITI 14	804	29	3.886,00
08/11/23	BELLES 24	824	8,9	1.094,70
08/11/23	BELLES 15	814	7	1.498,00
08/11/23	BELLES 15	812	7	1.498,00
08/11/23	STILED 13	830	28	3.220,00
08/11/23	MURITI 10	813	17	3.230,00
08/11/23	MARCEL 30	840	12	465,60
08/11/23	STILED 10	835	18,6	2.827,20
08/11/23	BELLES 15	807	7,1	1.519,40
08/11/23	MURITI 10	903	7,5	1.425,00
08/11/23	MURITI 10	903	7,5	1.425,00
08/11/23	BELLES 15	802	4,9	1.048,60
08/11/23	BELLES 15	808	6	1.284,00
08/11/23	NEW CONF	909	18,6	1.251,59
09/11/23	BELLES 15	807	5,5	1.177,00
09/11/23	1653	904	8,5	1.919,13
09/11/23	1653	904	8,4	1.896,55
09/11/23	MURITI 10	806	23	4.370,00
09/11/23	MURITI 10	813	13,4	2.546,00
09/11/23	STILED 18	827	25	1.971,50
09/11/23	MARCEL 30	840	12,8	496,64
09/11/23	STILED 13	819	15,6	1.794,00
09/11/23	TIRA CANAL	832	20	3.813,00
09/11/23	08 DE LYCRA	902	8	2.675,52
10/11/23	BELLES 15	810	11,4	2.439,60
10/11/23	BELLES 15	812	9,4	2.011,60
10/11/23	STILED 18	825	15	1.182,90
10/11/23	STILED 18	821	19,2	1.514,11
10/11/23	BELLES 24	824	8	984,00
10/11/23	STILED 13	833	21	2.415,00
10/11/23	STILED 13	830	21,8	2.507,00
10/11/23	STILED 10	835	18	2.736,00
10/11/23	MURITI 14	804	18	2.412,00
10/11/23	MURITI 10	818	6,7	1.273,00
10/11/23	BELLES 15	802	8,4	1.797,60
10/11/23	BELLES 15	808	7,7	1.647,80
10/11/23	MURITI 10	903	10,2	1.938,00
10/11/23	MURITI 10	903	10,5	1.995,00
10/11/23	MURITI 10	906	8,2	1.558,00
10/11/23	MURITI 10	906	8,7	1.653,00
10/11/23	1653	904	9	2.032,02
10/11/23	1653	904	8,9	2.009,44
10/11/23	BALLI 16	815	5	2.080,00
10/11/23	BELLES 15	801	6,8	1.455,20
10/11/23	NEW CONF	908	21	1.413,09
10/11/23	BELLES 15	811	6	1.284,00
13/11/23	MURITI 10	818	10	1.900,00
13/11/23	BELLES 15	807	12,1	2.589,40
13/11/23	MURITI 10	805	24	4.560,00
13/11/23	BELLES 15	810	9	1.926,00
13/11/23	BELLES 15	812	8	1.712,00
13/11/23	BELLES 15	814	16,2	3.466,80
13/11/23	MURITI 10	806	22,2	4.218,00
13/11/23	NEW CONF	909	37,4	2.516,65
13/11/23	BELLES 24	824	7	861,00
13/11/23	BALLI 16	815	6	2.496,00
13/11/23	MURITI 10	813	18,6	3.534,00
13/11/23	BELLES 15	801	8	1.712,00
14/11/23	MURITI 10	903	13,5	2.565,00
14/11/23	MURITI 10	903	13	2.470,00
14/11/23	MURITI 10	804	23,2	4.408,00
14/11/23	MARCEL 30	840	12,5	485,00
14/11/23	STILED 13	819	15,4	1.771,00
14/11/23	STILED 18	825	25	1.971,50
14/11/23	STILED 18	821	26,2	2.066,13
14/11/23	STILED 18	827	31	2.444,66
14/11/23	MURITI 10	906	12,4	2.356,00
14/11/23	MURITI 10	906	12,4	2.356,00
14/11/23	STILED 13	830	26,6	3.059,00
14/11/23	06 DE LYCRA	901	9,1	3.949,40
14/11/23	1653	904	7,2	1.625,62
14/11/23	1653	904	7,7	1.738,51
14/11/23	MURITI 14	838	17	2.278,00
14/11/23	MURITI 14	809	14	1.876,00
14/11/23	BALLI 16	815	2	832,00
14/11/23	CÓS 16	816	6,6	784,41
14/11/23	STILED 10	835	18,6	2.827,20
14/11/23	MURITI 10	806	11,4	2.166,00
14/11/23	MURITI 10	805	11,6	2.204,00
14/11/23	BELLES 15	811	9	1.926,00
16/11/23	BELLES 15	808	10,9	2.332,60
16/11/23	MURITI 10	813	10,6	2.014,00
16/11/23	BELLES 15	801	8,6	1.840,40
16/11/23	BELLES 15	807	6,8	1.455,20
16/11/23	BELLES 15	814	8	1.712,00
16/11/23	STILED 18	825	14,6	1.151,36
16/11/23	BELLES 24	824	7,8	959,40
16/11/23	STILED 18	821	10,6	835,92
16/11/23	BELLES 15	812	8,1	1.733,40
16/11/23	BELLES 15	810	7,8	1.669,20
16/11/23	BELLES 15	802	10,1	2.161,40
16/11/23	STILED 13	833	25,8	2.967,00
16/11/23	MARCEL 30	840	9	349,20
16/11/23	TIRA CANAL	832	11,4	2.173,41
16/11/23	STILED 13	820	14,6	1.679,00
16/11/23	MURITI 10	906	9,3	1.767,00
16/11/23	MURITI 10	906	9,3	1.767,00
17/11/23	NEW CONF	908	31,8	2.139,82
17/11/23	TURIN	907	11,5	3.714,50
17/11/23	08 DE LYCRA	902	11	3.678,84
17/11/23	MURITI 14	804	22,2	2.974,80
17/11/23	MARCEL 30	840	8,6	333,68
17/11/23	MURITI 10	806	15,4	2.926,00
17/11/23	CÓS 16	816	10,2	1.212,27
17/11/23	STILED 18	821	10	788,60
17/11/23	BALLI 16	815	2,6	1.081,60
17/11/23	MURITI 14	809	15	2.010,00
17/11/23	MURITI 10	805	11,8	2.242,00
17/11/23	STILED 18	827	20,4	1.608,74
17/11/23	STILED 13	819	18,1	2.081,50
17/11/23	BELLES 15	808	6,8	1.455,20
17/11/23	BELLES 24	824	6,6	811,80
21/11/23	BELLES 15	807	8,9	1.904,60
21/11/23	BELLES 15	802	4,9	1.048,60
21/11/23	06 DE LYCRA	901	9,1	3.949,40
21/11/23	BELLES 15	814	8	1.712,00
21/11/23	BELLES 15	812	7,4	1.048,60
21/11/23	MURITI 10	906	7	1.330,00
21/11/23	MURITI 10	906	6,8	1.292,00
21/11/23	MURITI 14	838	25,8	3.457,20
21/11/23	TIRA CANAL	832	17	3.241,05
21/11/23	STILED 13	830	29	3.335,00
21/11/23	BELLES 24	824	7	861,00
21/11/23	STILED 18	821	28,2	2.223,85
21/11/23	STILED 18	827	30	2.365,80
21/11/23	STILED 18	825	30,8	2.428,89
21/11/23	MURITI 14	809	20	2.680,00
21/11/23	BELLES 15	811	11,2	2.396,80
21/11/23	BALLI 16	815	3,4	1.414,40
21/11/23	BELLES 15	810	12,6	2.696,40
21/11/23	MURITI 14	804	11,6	1.554,40
21/11/23	BELLES 15	801	13,6	2.910,40
21/11/23	BELLES 15	802	6	1.284,00
21/11/23	MURITI 10	813	15	2.850,00
21/11/23	BELLES 15	808	4,8	1.027,20
21/11/23	CÓS 16	816	11,4	1.354,89
21/11/23	NEW CONF	908	24	1.614,96
21/11/23	BELLES 15	807	5	1.070,00
22/11/23	STILED 18	821	23,4	1.845,32
22/11/23	STILED 13	819	20,6	2.369,00
22/11/23	STILED 13	820	11	1.265,00
22/11/23	STILED 18	827	11,8	930,55
22/11/23	STILED 18	825	19,4	1.529,88
22/11/23	BELLES 15	812	7	1.498,00
22/11/23	TIRA CANAL	832	11	2.097,15
22/11/23	MURITI 10	805	16,6	3.154,00
22/11/23	STILED 13	833	26,2	3.013,00
22/11/23	MURITI 10	806	12	2.280,00
22/11/23	BELLES 15	801	6,6	1.412,40
22/11/23	BELLES 15	814	9,6	2.054,40
22/11/23	BELLES 15	807	4,7	1.005,80
22/11/23	BELLES 15	802	5,9	1.262,60
22/11/23	BALLI 16	815	2	832,00
22/11/23	MURITI 10	903	7,8	1.482,00
22/11/23	MURITI 10	903	7,5	1.425,00
22/11/23	08 DE LYCRA	902	12,4	4.147,06
23/11/23	STILED 10	835	27	4.104,00
23/11/23	MURITI 14	809	12	1.608,00
23/11/23	STILED 13	830	29,2	3.358,00
23/11/23	BELLES 15	811	7	1.498,00
23/11/23	STILED 18	827	14,6	1.151,36
23/11/23	STILED 18	825	18	1.419,48
23/11/23	STILED 18	821	15,2	1.198,67
23/11/23	BALLI 16	815	1,6	243,20
23/11/23	STILED 13	820	11,4	1.311,00
23/11/23	BELLES 24	824	8	984,00
23/11/23	BELLES 15	801	1,6	342,40
23/11/23	06 DE LYCRA	901	10,3	1.565,60
23/11/23	MURITI 14	804	19	2.546,00
23/11/23	NEW CONF	908	19	1.278,51
23/11/23	BELLES 15	808	8	1.712,00
23/11/23	MURITI 14	838	18,2	2.438,80
23/11/23	MURITI 10	813	10,6	2.014,00
23/11/23	BELLES 15	814	4,6	984,40
23/11/23	CÓS 16	816	13,4	1.592,59
24/11/23	MURITI 10	906	9,2	1.748,00
24/11/23	MURITI 10	906	9,5	1.805,00
24/11/23	1653	904	7,4	1.670,77
24/11/23	1653	904	7	1.580,46
24/11/23	MURITI 10	903	6,5	1.235,00
24/11/23	MURITI 10	903	6,9	1.311,00
24/11/23	BELLES 15	807		0,00
24/11/23	BELLES 24	824		0,00
24/11/23	STILED 13	833		0,00
24/11/23	MURITI 14	803		0,00
24/11/23	BELLES 15	810		0,00
24/11/23	BELLES 15	812		0,00
24/11/23	STILED 13	819		0,00
24/11/23	STILED 18	825		0,00
24/11/23	BELLES 15	802		0,00
